6.652264695  
1.615855044  
10.81599269  
21.62240887  
2.027188328  
10.47989251  
23.28455802  
61.88290519  
30.96961255  
5.024983909  
7.328115587  
54.56033444  
35.1967526  
40.21969703  
188.8063089  
364.820707  
331.3842142  
1479.795061  
651.6086345  
20.85371334  
928.765517  
1161.260444  
380.2652867  
129.8154564  
579.9920434  
170.5471031  
1060.741342  
406.1531146  
804.3050206  
1583.281787  
236.5754128  
51.95562932  
1066.907141  
344.4073706  
756.793787  
299.855815  
1517.449711  
20.5571551  
108.7296267  
345.1745988  
920.2922342  
5.731919404  
2241.447942  
278.5931922  
633.0043672  
47.85923168  
845.6649509  
305.5126756  
1679.940346  
60.70035688  
277.4667062  
801.8797963  
2278.17877  
355.9875136  
126.0970804  
98.91794845  
151.1409174  
24.92552098  
436.7149634  
190.4917797  
873.5629177  
655.3111816  
742.6027389  
13.66387436  
602.2868769  
1074.335234  
388.6765473  
38.98195828  
271.008268  
1823.483353  
494.427499  
621.490645  
663.353844  
461.8265694  
118.4202756  
503.7040863  
803.1676103  
1141.054345  
581.6737076  
126.3089648  
184.7859244  
1125.064058  
662.6879399  
104.2727311  
1042.703748  
3114.918727  
334.1868598  
543.270764  
121.5286409  
255.1723674  
77.37634584  
154.467681  
1107.89142  
2443.304408  
1815.52832  
438.4767384  
374.0637145  
262.8478872  
2084.48401  
748.0265669  
324.2741504  
244.8973484  
324.4371662  
527.411383  
235.6832787  
2261.449591  
505.7960221  
477.9378346  
126.3992043  
819.9667426  
280.8242626  
3583.943747  
217.0856007  
137.0113215  
185.8448704  
70.18419681  
162.7769  
944.4646064  
1206.57696  
479.9079501  
2278.296229  
1257.632648  
128.8189134  
68.13743302  
1647.537525  
591.8254441  
21.1705456  
1285.386158  
28.85670773  
239.7699526  
453.3035592  
19.17877963  
2233.998474  
7.155395568  
935.8136742  
355.3459238  
980.9657404  
220.4512353  
1.119730602  
1257.160494  
490.4877638  
638.6900309  
3097.325564  
343.9629493  
616.2379852  
2540.313175  
67.17061925  
864.0319863  
84.48413186  
1061.900329  
926.2162201  
680.0743075  
509.3624215  
429.7775145  
530.7602723  
522.8498703  
363.2442018  
88.79459795  
740.2087883  
320.0536439  
1782.734891  
198.9887872  
152.812547  
108.2901409  
223.6622744  
1071.956994  
322.9295699  
173.6961452  
214.3414551  
778.3495978  
446.9825653  
644.9008084  
688.1537273  
752.2560596  
214.7179065  
580.1854626  
366.9921229  
1470.082706  
1915.24674  
1788.894177  
206.6450168  
40.50430024  
1194.465162  
64.39819448  
140.1903029  
684.5187086  
602.0321572  
84.60176603  
680.3491892  
125.7157934  
81.92166587  
334.2641122  
501.5792718  
517.2191665  
591.6672992  
357.5436501  
328.1397844  
87.97684969  
215.4467459  
231.5829699  
1012.389273  
328.1475971  
62.78569  
57.69898921  
102.085382  
2653.589451  
290.8807  
267.1307198  
1471.448875  
596.1746904  
898.0834735  
289.5984164  
146.19859  
41.92797607  
190.5369412  
1021.81455  
574.8007653  
14.33877579  
310.3908849  
1413.795228  
172.3363731  
72.46183716  
90.41723926  
1648.798484  
31.49961263  
700.5319989  
51.46658077  
918.3404896  
216.9035931  
308.1907418  
385.5422674  
108.673995  
1614.087642  
307.9166282  
294.1497304  
25.32212645  
621.165898  
1090.159941  
806.6565706  
1372.151302  
206.2618371  
4.362745751  
1349.438281  
84.0023357  
246.3386222  
17.14210169  
129.8779845  
201.2098321  
416.0488261  
187.8234674  
979.4456872  
147.1493225  
163.7831605  
870.4988188  
771.7565246  
914.3550383  
44.3809408  
606.2652514  
89.61759947  
942.5532093  
240.3124967  
1289.517483  
428.3451155  
546.5129013  
1014.804177  
747.3168323  
272.2757158  
61.76163418  
503.1388708  
193.3290663  
17.77687759  
1600.902821  
198.3361617  
357.045653  
998.3296947  
89.67032053  
563.8906099  
503.1190642  
284.5343212  
130.8389185  
228.7578082  
1036.772335  
246.539513  
1757.490868  
827.8766151  
265.8730735  
621.8369229  
