3.524417676  
2.105816938  
13.06218692  
0.841368186  
17.50278629  
46.26778922  
199.6885915  
151.9027945  
113.3638506  
112.9269722  
24.93871466  
223.555984  
273.953854  
385.6033757  
1182.61619  
1442.367055  
209.4544624  
289.6023657  
220.1645765  
163.6428182  
26.50648981  
928.8379987  
326.1364936  
272.3003462  
80.20007352  
1751.597257  
202.7912146  
442.4125788  
1922.507334  
1328.78809  
69.98948702  
1461.481018  
598.6785012  
715.3653188  
223.2228228  
777.5459322  
1302.512969  
984.403804  
348.8059781  
219.9034782  
782.1293229  
1095.294871  
966.7206881  
10.75436016  
745.0309136  
1370.4272  
1381.022932  
739.9105569  
584.2169624  
196.7515664  
1113.728584  
760.0222734  
746.595332  
559.5997617  
911.2808976  
986.8956076  
19.54508035  
381.8867979  
98.8842313  
1498.888472  
2000.715119  
133.1908446  
1464.965824  
2898.584807  
130.7737036  
1986.43008  
2.640534373  
180.5820826  
679.3872593  
2730.571058  
344.4955718  
535.5929854  
2744.367108  
691.3988282  
96.38477908  
286.8854242  
1308.348658  
2017.097294  
378.0497748  
338.4936733  
1518.15448  
1167.964182  
2752.485192  
241.2803291  
249.7507135  
953.4518893  
58.56355074  
327.6258307  
187.4906835  
948.3349608  
1128.897725  
590.6806559  
1645.337892  
1462.077309  
81.58345629  
237.5408677  
1986.462084  
1936.225502  
194.8841484  
2368.078285  
424.178444  
375.193087  
382.9453743  
144.4566524  
2633.52004  
2350.596563  
468.6147552  
1339.976087  
417.757197  
41.47200839  
2551.525173  
389.826908  
1267.86895  
271.4626247  
2548.006476  
124.1107139  
1387.963196  
112.4798603  
339.4189174  
744.0815424  
1109.947926  
1535.646583  
843.6130192  
289.1124631  
1476.533019  
121.5508799  
573.1091774  
210.4658922  
269.344782  
546.7070862  
281.2042643  
662.2863878  
29.79729848  
449.7459239  
1179.658572  
652.7644446  
756.719566  
215.588361  
411.9914513  
254.2314879  
670.9946493  
300.3805861  
1708.443788  
1818.232339  
471.9081132  
68.70627171  
213.6845614  
536.3695135  
2.65198036  
38.5471883  
170.0152004  
434.262217  
468.5600336  
16.08390611  
1203.881732  
362.1531234  
647.6658434  
99.46374461  
233.8991563  
362.4611584  
121.7524412  
729.7338053  
339.2384485  
572.4135539  
1221.153002  
29.59700119  
310.221245  
109.5270888  
180.2935615  
90.42241715  
454.8772995  
210.3646698  
1467.675552  
156.9467872  
2.921746224  
74.52385279  
236.8741356  
922.5176292  
217.8112778  
1094.42187  
133.0397101  
87.52101034  
334.5899915  
230.926402  
639.5203703  
252.6596146  
857.7617639  
358.1984247  
445.8650833  
152.8947775  
280.4678314  
1291.806507  
509.6062661  
708.3461862  
194.8245405  
578.824261  
897.8699326  
310.1274735  
244.3308026  
106.7823484  
55.34940412  
279.5449354  
90.91270926  
55.62547237  
601.8548913  
262.9310676  
718.766944  
10.67266862  
493.9698084  
95.58276963  
462.3578951  
1071.632758  
430.909165  
54.28068703  
118.0869973  
74.86961441  
154.6366334  
340.8674462  
379.4962173  
2618.585342  
5.936472277  
129.354104  
112.4910675  
88.11271474  
251.5152971  
815.9830792  
187.3149018  
101.8842276  
546.9368369  
430.7078472  
518.138184  
173.211386  
1306.414803  
145.8409939  
464.872563  
312.8372331  
2130.717164  
568.1480869  
64.72346524  
73.13539605  
459.2984064  
311.1166734  
546.7702203  
695.2191874  
610.4823677  
187.7506331  
256.3962026  
303.400908  
288.2248407  
154.668681  
223.238408  
175.9436244  
356.5202948  
227.6481917  
752.9290871  
101.873729  
22.48295811  
128.4772141  
67.72528747  
17.72928016  
230.3801531  
605.5540601  
418.7742067  
517.4068039  
115.0352409  
1050.706361  
147.9234668  
289.9354632  
12.04710523  
255.1155787  
64.79495674  
827.3139844  
345.9136694  
94.99517239  
1160.053581  
36.10049399  
336.5324827  
191.7066008  
310.851713  
1052.679921  
157.6146221  
271.7702189  
198.7734421  
148.8795169  
44.2801339  
821.6806724  
349.0025504  
