2.123453947  
0.9956460174  
39.57793672  
6.256525057  
12.20873969  
118.8506069  
9.390963988  
0.9657927708  
40.99404278  
143.5567855  
94.09522481  
123.6757225  
233.0460555  
557.2050753  
1559.562587  
534.1920935  
663.6516151  
578.6175674  
274.6185158  
15.03951967  
273.2325616  
1621.680019  
119.2234206  
591.6435749  
357.9006402  
340.7040169  
965.9166622  
850.4050569  
1951.074564  
175.6959892  
793.2459725  
306.90439  
455.0597733  
483.203579  
258.538716  
165.7642787  
3567.420041  
707.5595337  
1560.923699  
264.7936175  
193.6575758  
402.8677224  
610.3998046  
488.9671844  
141.6366513  
1.855310185  
2438.966687  
781.0273561  
613.350983  
890.7064784  
3347.481377  
971.6235002  
413.1084357  
309.8638651  
558.2970286  
131.6637788  
472.6153527  
2446.624803  
1849.400909  
1145.521982  
569.1519318  
17.82359652  
1519.30994  
301.1552911  
50.40348011  
46.33849235  
2119.888693  
535.9084704  
754.3600478  
364.6569785  
316.5839119  
763.5211521  
607.6099957  
126.2413528  
789.0377461  
402.6367126  
1637.734209  
2118.053672  
1940.460927  
422.4381282  
404.2983581  
298.6882632  
441.3330415  
181.9299889  
732.6026949  
2149.685806  
404.2500402  
145.771417  
643.2130286  
822.5410024  
265.698554  
365.4992168  
2251.867638  
718.8434334  
1718.677405  
355.5398817  
399.2029607  
1264.436659  
483.2993217  
974.4126823  
410.5677783  
368.4195064  
545.0389649  
197.1242977  
936.1248164  
846.0918687  
375.7925584  
756.2212427  
212.2502545  
1078.464833  
235.8856101  
523.049399  
1086.157544  
629.2380444  
363.4624489  
978.4431572  
71.54708204  
212.0050353  
29.10469914  
416.1903078  
108.4235362  
351.5158266  
39.86045397  
181.6787482  
248.9727014  
246.160278  
295.3202892  
1132.189037  
391.1155966  
69.74907735  
531.0217172  
388.7682426  
289.7214178  
243.2611837  
1504.436491  
224.3697465  
669.1151822  
311.299918  
266.4266949  
860.7207626  
780.6307361  
511.7158007  
814.2485141  
1008.884668  
116.099037  
1940.584312  
64.68024669  
957.0865257  
230.9042119  
281.7701718  
372.0773791  
427.1743997  
259.1320975  
678.3462966  
747.3264874  
936.4105247  
3811.693343  
372.3249183  
397.4725003  
419.8239006  
227.6390868  
205.3084345  
449.7806561  
1152.315086  
591.5978027  
107.0331927  
299.6143135  
222.2584798  
1960.910295  
39.39103334  
46.31108015  
1348.648054  
240.4622443  
194.2872423  
763.0744009  
374.9851533  
89.33581003  
671.5826247  
88.9498598  
92.09517123  
150.230474  
357.1397172  
1315.078703  
269.1712012  
75.29645224  
1889.499783  
991.6060241  
889.5558896  
1723.721298  
976.3952864  
73.02604912  
125.9967868  
232.6599312  
811.5596965  
686.8775863  
425.6488604  
1293.656479  
58.88174022  
478.2396761  
365.7367023  
199.5469065  
137.3905323  
190.6834774  
717.2978242  
50.95939554  
140.4511474  
575.6496292  
318.1394651  
633.0047041  
693.3731951  
1066.062437  
443.3336953  
529.1680765  
957.3577783  
113.3766855  
471.7273421  
437.7652827  
379.1038545  
355.9916787  
347.5892751  
283.0888551  
41.65261956  
1176.744058  
16.78832455  
329.484768  
55.71036862  
179.7685524  
85.71037588  
1348.794909  
90.76575701  
282.6729835  
167.2110544  
685.0218203  
2099.063658  
136.0958751  
1475.190389  
331.2336052  
275.8590589  
202.5785924  
31.85344772  
919.6005154  
488.0106216  
820.7425257  
382.181963  
206.9435885  
283.95877  
1005.914828  
684.3560695  
48.60411613  
100.2489923  
514.0628815  
393.3016723  
110.371305  
406.5940763  
528.2739635  
344.802778  
176.8304165  
70.01189282  
341.7224231  
9.073982652  
585.5957903  
435.3261475  
970.6020648  
458.8988734  
185.6862452  
1995.995575  
691.546951  
312.3166951  
279.2403432  
333.7643746  
1765.579673  
358.5617094  
415.2558555  
222.2909838  
117.4672045  
566.6988533  
8.520851163  
527.6689746  
435.7254716  
322.6907582  
186.5483112  
273.090382  
260.2036276  
581.9356566  
726.859579  
170.5007517  
194.1023936  
