2.515766289  
16.10199324  
19.14049584  
0.6178918851  
17.2701071  
185.7578163  
80.64117913  
423.1211286  
49.04374391  
17.4171624  
384.7283661  
3.229991642  
22.65283281  
4.057372632  
173.3024569  
199.6978858  
656.644223  
1079.929427  
295.5315927  
660.8316006  
736.7057298  
32.01311307  
1190.711639  
500.5816245  
53.73198336  
32.01335882  
151.9807024  
294.0852546  
387.7412387  
1156.912317  
134.3855655  
269.0673661  
815.5207314  
701.6407188  
442.2544492  
1565.153663  
98.41283633  
85.50657354  
1382.872166  
19.53048477  
262.0100998  
518.8062107  
582.3360076  
618.9111385  
414.5224115  
1232.173558  
655.4878002  
255.5197467  
2638.955322  
223.8143711  
323.9198995  
1240.529156  
24.47905451  
1278.931975  
432.7408184  
461.219471  
656.8044607  
1129.073527  
537.648601  
379.9232038  
785.5428164  
1250.238015  
208.7705244  
224.9027935  
653.7908328  
344.0277923  
141.3796406  
1354.222997  
481.1528076  
663.5718285  
1028.407973  
317.7029645  
372.2521881  
249.062491  
500.0546553  
725.6625254  
537.9674421  
186.0234199  
899.8905848  
512.9620817  
587.0338973  
185.5126535  
96.45848306  
767.02438  
24.14831471  
263.8062493  
113.2329805  
564.8772598  
2123.51553  
0.6853531951  
287.0171522  
333.0505328  
559.3009611  
10.54147095  
24.00145502  
448.2122752  
390.2041108  
477.9734306  
386.4241106  
23.70080452  
740.033094  
320.6199727  
438.3100958  
646.1781829  
3.142581865  
5.259527878  
254.7429276  
67.00696091  
349.9588979  
446.8966586  
1469.265405  
166.6743534  
752.5394814  
828.4324753  
1442.879014  
0.8086606347  
411.8868137  
625.4057519  
5.072774139  
315.2605585  
922.8515698  
278.039755  
404.6349253  
451.9918278  
621.1072354  
284.2294632  
59.90163353  
1612.781561  
513.1575556  
1640.464269  
98.78763525  
357.5664544  
30.430905  
131.3778951  
1418.128312  
1519.428241  
91.48512822  
68.66613356  
260.2907057  
604.5633154  
1325.602341  
241.0867762  
350.1333861  
192.8318625  
1007.816046  
6.45133042  
553.8375021  
75.46593436  
684.2755337  
486.1240294  
684.2927459  
744.8563718  
415.246867  
751.2988566  
1177.418564  
1700.502073  
19.73803211  
158.5644362  
293.0084684  
252.9961144  
29.11496801  
2182.795801  
421.7154041  
6.774578726  
244.7265002  
353.1014321  
25.93639067  
2225.293487  
355.1986165  
2584.45309  
187.8819867  
590.3603418  
600.6189474  
552.0835299  
1697.048127  
108.4890551  
1835.551117  
927.9876369  
296.8640722  
857.2406581  
1738.996703  
1320.29496  
927.2450943  
850.9415209  
132.0246724  
127.7595076  
250.6641531  
1104.067797  
139.7795418  
234.6461489  
644.3660586  
1448.929208  
564.8670972  
682.4027279  
114.7833012  
1190.811801  
133.8728033  
576.515724  
1719.164931  
45.28609151  
315.9685052  
70.25557277  
1575.119309  
1037.146455  
1325.709563  
244.8604126  
1497.079304  
1183.442339  
107.6765505  
583.9461476  
584.427781  
34.44068884  
481.7625914  
1299.429116  
870.0078215  
135.084713  
330.1789282  
70.11203678  
931.3292404  
400.4918935  
76.56969924  
807.6683474  
120.1431081  
221.5459847  
172.3900797  
10.44477769  
388.186606  
293.1747852  
692.0783807  
260.9799662  
9.673701206  
590.2250162  
352.7988253  
349.8095797  
169.6564956  
848.6874308  
193.1559546  
1056.194779  
75.11373971  
332.5138932  
40.1688986  
945.9110394  
1645.823628  
692.6600184  
892.4105996  
85.69181685  
3251.420708  
1032.289665  
350.5219932  
1364.744678  
28.00177854  
322.2178685  
344.388257  
652.8102843  
1661.690577  
432.1326666  
739.5660223  
1203.32449  
1479.704325  
1164.002895  
697.6860033  
683.3399576  
783.823744  
29.65147363  
178.735835  
2675.734779  
316.6857867  
184.9320212  
256.0375028  
166.1401532  
162.2482867  
204.3041747  
837.5549495  
553.7613688  
191.7215065  
276.7255079  
75.11665885  
491.1253172  
1331.1378  
410.170848  
91.56218879  
902.1989875  
912.7376924  
1539.08857  
1904.930324  
1321.375503  
5.760005219  
