8.426568305  
2.673353138  
21.06273025  
2.306545173  
88.11497243  
25.98321935  
9.897155937  
105.0307972  
45.63935607  
215.9863135  
191.1578654  
528.7862804  
43.38593762  
36.13982844  
65.04751819  
621.1394805  
213.5364559  
36.66610389  
389.4467084  
20.71576338  
92.05457278  
2658.080037  
400.5392948  
938.2821815  
371.6003305  
461.1649883  
50.05251782  
73.62569453  
670.1535975  
1122.443226  
771.1862554  
3634.231322  
1631.545199  
5006.265081  
582.8888959  
19.30406316  
862.9489175  
35.73510425  
1310.54908  
75.27915272  
606.8762705  
20.53143283  
907.5709953  
84.44878872  
252.1748123  
3980.082195  
414.9954322  
1408.47968  
69.75406899  
1367.937992  
394.3875852  
255.4282222  
1281.98806  
587.673318  
1731.020769  
364.2240926  
449.5689262  
458.9329951  
277.2971306  
298.4871804  
155.7949159  
2399.099036  
980.3970437  
1436.225374  
1533.450182  
646.8826466  
774.743547  
195.2860796  
318.6883856  
14.20065716  
900.2491293  
519.5104937  
171.0615769  
75.91169044  
1064.945843  
1100.458671  
609.9542403  
70.81837614  
440.1021545  
412.4296032  
191.4930092  
562.6585034  
2609.721047  
150.6041802  
404.1105487  
1206.837087  
339.2101305  
625.1603649  
877.8802396  
89.47688128  
1297.812955  
1059.998838  
321.6888324  
121.5598246  
1754.347347  
132.5079878  
1242.594916  
1018.969913  
1451.169965  
1074.93787  
90.95873233  
893.7500471  
2302.957259  
1514.97218  
1257.611445  
324.076371  
44.81173947  
321.4119799  
269.2250673  
9.125155797  
16.46752937  
478.7577626  
135.534353  
350.1418114  
2256.554299  
1232.194033  
506.5613616  
1152.696217  
1506.396933  
221.3438563  
444.5947806  
358.6715509  
892.3100155  
586.5017697  
477.4687789  
450.5895295  
551.9068174  
1057.120658  
609.0025614  
819.4796227  
440.6648503  
171.675869  
769.9168222  
1249.440745  
1074.13966  
183.7600968  
991.3802951  
950.7784472  
254.7645111  
135.8079503  
420.3070137  
797.1723875  
1001.704102  
156.8598165  
2228.631669  
480.3100302  
16.9864723  
1534.94772  
811.1319084  
64.07248413  
510.2163316  
959.2770357  
293.49467  
1407.827413  
310.4147592  
60.60004161  
2475.604933  
425.0802594  
966.468038  
1283.342907  
11.03531124  
320.7200148  
456.5206665  
411.5355522  
2522.257494  
1948.386545  
890.6098482  
441.4835888  
200.6264696  
939.6402746  
15.54524532  
73.8393074  
330.7925924  
20.64955611  
13.81869743  
581.4004128  
27.20324151  
2283.990203  
138.0445519  
98.69138369  
1283.994017  
448.297872  
643.4292128  
204.2439619  
327.095718  
19.0550717  
157.6060051  
1017.410005  
36.04444054  
36.81519104  
1087.931939  
345.5213454  
363.9399752  
122.6798906  
141.8095193  
1175.398563  
376.041811  
319.8587884  
158.1140432  
14.48638643  
36.91510316  
1517.362474  
143.7669337  
273.1328416  
98.282373  
45.36767169  
137.2802534  
372.9279485  
1126.588712  
159.4113701  
902.0724349  
55.31029126  
482.9812921  
460.273703  
1378.485588  
771.2937876  
237.8317923  
115.5692577  
329.8419907  
1199.736998  
396.6062663  
132.1813117  
549.0369536  
77.42869831  
283.582177  
106.2150712  
68.7709588  
611.6115198  
96.58728237  
454.6008628  
112.0474016  
49.49142123  
336.293049  
55.94142894  
55.69664836  
698.7669422  
277.6456208  
833.5914782  
944.4431014  
4.176192569  
906.0634907  
199.8018707  
271.6382123  
375.3809684  
68.23735915  
84.891732  
96.62322945  
178.1367962  
1234.430651  
292.9747473  
728.6460956  
570.1363154  
54.20119993  
733.286588  
46.50577567  
786.5884864  
125.9527904  
692.3659759  
140.4427949  
124.6992797  
31.16642228  
674.3908961  
491.2062125  
151.0637675  
63.8975766  
179.0421668  
105.1609243  
560.9329186  
454.8988845  
451.5200714  
699.2768576  
268.6104626  
998.4384271  
20.31386292  
76.60474747  
171.0195227  
51.77268623  
1084.426944  
91.04265898  
94.51591819  
339.4173955  
277.2983599  
340.3666557  
312.8405197  
53.09765783  
172.1699959  
505.8705172  
