2.541372268  
15.7806333  
0.1785253055  
11.33114406  
31.32870721  
26.26315802  
14.6280978  
4.25185564  
27.63928256  
105.4245664  
20.83357272  
70.70405176  
50.93403837  
84.03290704  
120.9748019  
0.5188001304  
160.2711075  
791.4901205  
577.8700481  
518.2768901  
123.4340669  
30.64021151  
864.4003935  
508.8599191  
121.8229705  
926.7342547  
177.0796827  
111.6326166  
133.4486569  
718.0518487  
1105.644568  
487.4036436  
879.1585963  
440.5244798  
1466.353485  
592.8752311  
430.2300871  
313.1131853  
801.9654279  
927.6881196  
622.5173768  
107.2755283  
929.2223137  
323.7981597  
220.8628612  
58.36777797  
401.0598339  
1181.207118  
549.9192894  
669.0182835  
203.8666737  
581.3761578  
266.2380455  
131.5330516  
736.1081521  
64.96442204  
124.9084462  
443.7663337  
598.2185388  
2110.096253  
1181.782403  
430.9194277  
297.0431605  
71.98430187  
1014.94701  
1359.361901  
1037.09664  
586.5831839  
360.1054629  
1529.47667  
2453.452533  
231.1998946  
258.37493  
47.23791058  
575.6876525  
115.2100915  
29.56085272  
271.6369255  
918.4927471  
124.8235516  
531.5230425  
977.0278649  
884.2648769  
1713.637898  
381.0889696  
695.6512365  
518.7050888  
1013.41281  
2148.388661  
211.4153359  
322.1847352  
582.9331972  
648.9986139  
330.1957634  
83.80851118  
237.9325727  
796.6173495  
1740.689581  
230.330272  
201.7022984  
175.2358276  
1285.211845  
590.8985401  
25.60654184  
412.6619912  
917.9619072  
292.8400498  
37.53441527  
162.7111425  
952.8803892  
75.17854723  
1486.771314  
165.9611761  
493.7389129  
1742.711955  
142.1386551  
568.6510974  
408.6121633  
374.2972863  
604.72709  
533.9385253  
93.06636827  
785.7831645  
190.835235  
117.0920773  
107.6001856  
1207.818144  
17.45832275  
146.4215969  
1047.81147  
248.8470756  
1233.769826  
302.0199061  
1271.490394  
2684.58287  
265.1601097  
112.0219306  
215.7111292  
166.7405946  
319.1107104  
1258.830166  
67.63021273  
95.68015784  
1066.288131  
722.2793207  
460.2830629  
2380.504134  
444.3010825  
280.3292404  
289.0653005  
728.4530998  
1448.939805  
740.7543093  
254.1636336  
1987.826377  
477.9203909  
167.1307062  
162.4217352  
413.3585839  
133.4561186  
1663.427062  
109.9860129  
3025.020076  
2.301859122  
399.0344139  
1221.596695  
553.7224044  
587.838187  
1297.234675  
411.6007424  
704.5313292  
2611.444426  
457.7968509  
52.44037406  
525.2098155  
2131.34612  
130.2424229  
158.6063492  
466.9723171  
723.7586035  
24.75015833  
993.6114126  
417.2399934  
245.4286816  
164.4156261  
1020.256633  
545.3626891  
621.6708162  
1329.037438  
1184.007409  
240.0226671  
112.5376846  
477.8337952  
486.7266628  
129.6237356  
579.9574105  
269.2421255  
16.27038536  
158.7618181  
109.0916089  
310.7197401  
485.7646526  
375.0769044  
856.3089544  
71.18210729  
199.1150942  
421.8254796  
480.4208985  
815.1403886  
64.99847032  
551.8769588  
41.2721607  
190.0673721  
216.6347295  
340.763226  
1463.924794  
77.3550438  
614.4198057  
67.78221857  
12.16342569  
273.7882835  
212.5831127  
982.5589975  
405.1026617  
290.8234277  
977.4401646  
1474.948164  
656.0205255  
235.010492  
1247.826972  
1764.290705  
84.58014061  
118.3736111  
527.0573915  
355.8066681  
457.6445799  
391.5027947  
1541.690851  
202.3573928  
246.3118761  
545.0875863  
223.9895405  
136.2949076  
0.1392124528  
70.41555038  
391.1340717  
311.1651199  
286.4418614  
743.2189498  
1261.866684  
859.0657183  
122.6454921  
264.4196756  
953.4136368  
26.90654946  
1994.245408  
820.6925031  
852.7932681  
60.91845712  
390.9632268  
494.6137571  
760.3920448  
2385.364516  
1.704323761  
227.1871466  
944.0827266  
2137.474626  
81.74372172  
116.406621  
429.8659591  
657.9906508  
1318.042376  
302.8866377  
721.9018451  
1465.798076  
254.0381516  
558.8909529  
392.7735575  
583.7629182  
176.9128578  
224.5433538  
1410.131024  
742.90391  
2952.09537  
451.1555063  
660.3752188  
1354.564569  
