0.04839057743  0.06916575652  
-0.05988493792  0.06916575652  
0.1334450166  0.06916575652  
0.05534082745  0.06916575652  
0.3559874346  0.06916575652  
0.1468566226  0.06916575652  
0.04191297774  0.06916575652  
-0.3226695901  0.06916575652  
0.1030203459  0.06916575652  
0.02341348196  0.06916575652  
-0.1594764289  0.06916575652  
0.0619701955  0.06916575652  
0.03012021473  0.06916575652  
0.310497225  0.06916575652  
-0.2362701188  0.06916575652  
-0.08281633851  0.06916575652  
0.6682124931  0.06916575652  
0.1269336189  0.06916575652  
