0.1191006646  0.09336493779  
0.04840048312  0.09336493779  
0.0669494773  0.09336493779  
0.04591119968  0.09336493779  
-0.06142599175  0.09336493779  
-0.04185040526  0.09336493779  
0.3228624891  0.09336493779  
-0.16962645  0.09336493779  
-0.01320129689  0.09336493779  
0.0916767019  0.09336493779  
0.1260073936  0.09336493779  
-0.01216689779  0.09336493779  
-0.03180979291  0.09336493779  
0.03932068343  0.09336493779  
0.02239405334  0.09336493779  
0.611761931  0.09336493779  
0.1725813661  0.09336493779  
0.3436832716  0.09336493779  
