-0.01652426185  0.05020116486  
-0.04297853462  0.05020116486  
-0.08898197114  0.05020116486  
0.3093642648  0.05020116486  
0.0964147533  0.05020116486  
-0.2633029897  0.05020116486  
0.2100940425  0.05020116486  
0.02601178069  0.05020116486  
-0.07215774179  0.05020116486  
-0.1460300229  0.05020116486  
0.05902233569  0.05020116486  
-0.08237719915  0.05020116486  
0.08674480545  0.05020116486  
0.09112611567  0.05020116486  
0.1482600188  0.05020116486  
0.6334700876  0.05020116486  
-0.009376449061  0.05020116486  
-0.0351580668  0.05020116486  
