-0.03432407796  0.05350791447  
-0.1619449307  0.05350791447  
0.02129415416  0.05350791447  
0.08377860134  0.05350791447  
0.01950975649  0.05350791447  
-0.063398345  0.05350791447  
0.06482981979  0.05350791447  
0.001747213592  0.05350791447  
0.4626943747  0.05350791447  
-0.02468228351  0.05350791447  
0.5764336603  0.05350791447  
-0.04189139614  0.05350791447  
0.006093918094  0.05350791447  
0.01189962763  0.05350791447  
-0.01811987871  0.05350791447  
-0.01514298743  0.05350791447  
-0.1197454519  0.05350791447  
0.1941106855  0.05350791447  
