0.000000000000000000e+00 6.080615254350214827e-02 6.901708207504052284e-02 0.000000000000000000e+00 8.640125606850233841e-02 1.021351824762820187e-01 9.382754911652529950e-02 8.831470639615124352e-02 0.000000000000000000e+00 4.021772774572729414e-02 0.000000000000000000e+00 0.000000000000000000e+00 4.284156913033168590e-02 8.106517417983563623e-02 8.313550597346855420e-02 8.263922574922789865e-02
6.080615254350214827e-02 0.000000000000000000e+00 0.000000000000000000e+00 0.000000000000000000e+00 8.832102696282426169e-02 8.959400519692363452e-02 8.131287200284065264e-02 7.932556257593940952e-02 0.000000000000000000e+00 0.000000000000000000e+00 0.000000000000000000e+00 0.000000000000000000e+00 4.384751567229981661e-02 8.500062900189497839e-02 9.607658128033928768e-02 8.596564967459725815e-02
6.901708207504052284e-02 0.000000000000000000e+00 0.000000000000000000e+00 0.000000000000000000e+00 8.663017598445282852e-02 9.322174023201021398e-02 8.285933263549631611e-02 8.080400334417453534e-02 2.299884602719193608e-02 4.377473631730660619e-02 0.000000000000000000e+00 0.000000000000000000e+00 0.000000000000000000e+00 6.846423327684930671e-02 8.346550280897536978e-02 9.018648413639221428e-02
0.000000000000000000e+00 0.000000000000000000e+00 0.000000000000000000e+00 0.000000000000000000e+00 6.578081161670668031e-02 6.542640648148355387e-02 4.676717379740677472e-02 3.978473854164139845e-02 2.629385869535066922e-02 0.000000000000000000e+00 0.000000000000000000e+00 0.000000000000000000e+00 2.866761949238766718e-02 5.356640476418308289e-02 6.360474462624825243e-02 6.877571513883659615e-02
8.640125606850233841e-02 8.832102696282426169e-02 8.663017598445282852e-02 6.578081161670668031e-02 0.000000000000000000e+00 1.184573197779185683e-01 1.198224913484727955e-01 1.066893606273244810e-01 5.549350804281105026e-02 4.857927256814605771e-02 4.710209806865646442e-02 6.995279375431694147e-02 5.535449979384021724e-02 8.574711313003582913e-02 1.096901589444763819e-01 1.291195835607159004e-01
1.021351824762820187e-01 8.959400519692363452e-02 9.322174023201021398e-02 6.542640648148355387e-02 1.184573197779185683e-01 0.000000000000000000e+00 1.509542389099046422e-01 1.333171696566450293e-01 6.288763053772394862e-02 5.190469769232825686e-02 5.626605626829418033e-02 7.647910750317518658e-02 8.641468085600895188e-02 1.133660452321418322e-01 1.421746653390820181e-01 1.643646816763962570e-01
9.382754911652529950e-02 8.131287200284065264e-02 8.285933263549631611e-02 4.676717379740677472e-02 1.198224913484727955e-01 1.509542389099046422e-01 0.000000000000000000e+00 1.368711181120721987e-01 6.776143391464800603e-02 4.948077224945369307e-02 5.193596012396703432e-02 7.127108712481229624e-02 8.716369916608393553e-02 1.202422583878293844e-01 1.513774755739263622e-01 1.589431979841081644e-01
8.831470639615124352e-02 7.932556257593940952e-02 8.080400334417453534e-02 3.978473854164139845e-02 1.066893606273244810e-01 1.333171696566450293e-01 1.368711181120721987e-01 0.000000000000000000e+00 5.449391735122532943e-02 5.298378570894394374e-02 5.781388807859901002e-02 7.844185870575318131e-02 7.224450891386609286e-02 1.076563982047633039e-01 1.342605879236448141e-01 1.364370902816362807e-01
0.000000000000000000e+00 0.000000000000000000e+00 2.299884602719193608e-02 2.629385869535066922e-02 5.549350804281105026e-02 6.288763053772394862e-02 6.776143391464800603e-02 5.449391735122532943e-02 0.000000000000000000e+00 4.133785800531135368e-02 3.170082451486105207e-02 2.856306361052909568e-02 0.000000000000000000e+00 4.419884604934379985e-02 3.818906654958439256e-02 0.000000000000000000e+00
4.021772774572729414e-02 0.000000000000000000e+00 4.377473631730660619e-02 0.000000000000000000e+00 4.857927256814605771e-02 5.190469769232825686e-02 4.948077224945369307e-02 5.298378570894394374e-02 4.133785800531135368e-02 0.000000000000000000e+00 3.395634930069645757e-02 4.675609127264328257e-02 -0.000000000000000000e+00 0.000000000000000000e+00 3.428125778540662416e-02 0.000000000000000000e+00
0.000000000000000000e+00 0.000000000000000000e+00 0.000000000000000000e+00 0.000000000000000000e+00 4.710209806865646442e-02 5.626605626829418033e-02 5.193596012396703432e-02 5.781388807859901002e-02 3.170082451486105207e-02 3.395634930069645757e-02 0.000000000000000000e+00 4.134607366317832877e-02 -0.000000000000000000e+00 0.000000000000000000e+00 4.611958010158812710e-02 5.307338511455056418e-02
0.000000000000000000e+00 0.000000000000000000e+00 0.000000000000000000e+00 0.000000000000000000e+00 6.995279375431694147e-02 7.647910750317518658e-02 7.127108712481229624e-02 7.844185870575318131e-02 2.856306361052909568e-02 4.675609127264328257e-02 4.134607366317832877e-02 0.000000000000000000e+00 0.000000000000000000e+00 3.841578100500204346e-02 6.246325420597462208e-02 6.530906099955455235e-02
4.284156913033168590e-02 4.384751567229981661e-02 0.000000000000000000e+00 2.866761949238766718e-02 5.535449979384021724e-02 8.641468085600895188e-02 8.716369916608393553e-02 7.224450891386609286e-02 0.000000000000000000e+00 -0.000000000000000000e+00 -0.000000000000000000e+00 0.000000000000000000e+00 0.000000000000000000e+00 1.044075171778705291e-01 1.289571049442473916e-01 1.208400707918199646e-01
8.106517417983563623e-02 8.500062900189497839e-02 6.846423327684930671e-02 5.356640476418308289e-02 8.574711313003582913e-02 1.133660452321418322e-01 1.202422583878293844e-01 1.076563982047633039e-01 4.419884604934379985e-02 0.000000000000000000e+00 0.000000000000000000e+00 3.841578100500204346e-02 1.044075171778705291e-01 0.000000000000000000e+00 2.233962590579162688e-01 2.295930607733384643e-01
8.313550597346855420e-02 9.607658128033928768e-02 8.346550280897536978e-02 6.360474462624825243e-02 1.096901589444763819e-01 1.421746653390820181e-01 1.513774755739263622e-01 1.342605879236448141e-01 3.818906654958439256e-02 3.428125778540662416e-02 4.611958010158812710e-02 6.246325420597462208e-02 1.289571049442473916e-01 2.233962590579162688e-01 0.000000000000000000e+00 2.884036740482835981e-01
8.263922574922789865e-02 8.596564967459725815e-02 9.018648413639221428e-02 6.877571513883659615e-02 1.291195835607159004e-01 1.643646816763962570e-01 1.589431979841081644e-01 1.364370902816362807e-01 0.000000000000000000e+00 0.000000000000000000e+00 5.307338511455056418e-02 6.530906099955455235e-02 1.208400707918199646e-01 2.295930607733384643e-01 2.884036740482835981e-01 0.000000000000000000e+00
