0.04839057743  0.1191006646  0.2311285157  0.00154164556  -0.01652426185  -0.03432407796  
-0.05988493792  0.04840048312  -0.05046272712  0.08046494939  -0.04297853462  -0.1619449307  
0.1334450166  0.0669494773  0.5647544431  0.05599662296  -0.08898197114  0.02129415416  
0.05534082745  0.04591119968  0.1054945145  0.01162402276  0.3093642648  0.08377860134  
0.3559874346  -0.06142599175  0.3064556513  0.1100446758  0.0964147533  0.01950975649  
0.1468566226  -0.04185040526  0.02522221808  0.1747946602  -0.2633029897  -0.063398345  
0.04191297774  0.3228624891  0.1088044671  -0.01675787331  0.2100940425  0.06482981979  
-0.3226695901  -0.16962645  0.02806932161  0.07271488747  0.02601178069  0.001747213592  
0.1030203459  -0.01320129689  0.05309551413  -0.05265787084  -0.07215774179  0.4626943747  
0.02341348196  0.0916767019  0.1217456745  -0.01963417447  -0.1460300229  -0.02468228351  
-0.1594764289  0.1260073936  -0.02682715204  0.001259726044  0.05902233569  0.5764336603  
0.0619701955  -0.01216689779  0.2713978129  0.09752762045  -0.08237719915  -0.04189139614  
0.03012021473  -0.03180979291  -0.0617464005  0.2355833267  0.08674480545  0.006093918094  
0.310497225  0.03932068343  -0.1245506138  -0.216535444  0.09112611567  0.01189962763  
-0.2362701188  0.02239405334  0.1356280618  0.5906807173  0.1482600188  -0.01811987871  
-0.08281633851  0.611761931  -0.1689751157  -0.05152845488  0.6334700876  -0.01514298743  
0.6682124931  0.1725813661  -0.1568767918  -0.08584310013  -0.009376449061  -0.1197454519  
0.1269336189  0.3436832716  -0.1551445125  0.122929469  -0.0351580668  0.1941106855  
