0  1  0  1  1  0.577679602  1  
0.366505254  0.4502598984  0.366505254  0.875522599  0.9482856526  0.7740455674  0.9311900134  
0.6449061864  0.3284493852  0.6449061864  0.7551506601  0.8886676155  0.9129310475  0.8598363307  
0.7984225463  0.2125692966  0.7984225463  0.6346732713  0.8170898707  0.9492957252  0.784633577  
0.9377019417  0.1893212074  0.9377019417  0.5278810316  0.7468357448  1  0.7098568122  
1  0.1312883603  1  0.4270937116  0.6705075173  0.9883908098  0.6331251796  
0.9798913822  0.08803714654  0.9798913822  0.333559258  0.5893072307  0.919206296  0.5548255403  
0.9556335003  0.07589063942  0.9556335003  0.2521912062  0.5079676811  0.8492722726  0.4764810811  
0.8816443332  0.05159582348  0.8816443332  0.1806419095  0.4242275776  0.7419659926  0.3973640359  
0.8118520875  0.0422930718  0.8118520875  0.1210954637  0.3401906764  0.6293179831  0.3181514703  
0.7200334642  0.02694778792  0.7200334642  0.0726195513  0.254958954  0.4890191177  0.2385543677  
0.644248153  0.01972231012  0.644248153  0.03618612996  0.169468616  0.3408225895  0.1588740331  
0.6086554261  0.01539341542  0.6086554261  0.01231098299  0.08421647304  0.1933345434  0.07927035831  
0.6070027466  0  0.6070027466  0  0  0  0  
