0.2311285157  0.06706738229  
-0.05046272712  0.06706738229  
0.5647544431  0.06706738229  
0.1054945145  0.06706738229  
0.3064556513  0.06706738229  
0.02522221808  0.06706738229  
0.1088044671  0.06706738229  
0.02806932161  0.06706738229  
0.05309551413  0.06706738229  
0.1217456745  0.06706738229  
-0.02682715204  0.06706738229  
0.2713978129  0.06706738229  
-0.0617464005  0.06706738229  
-0.1245506138  0.06706738229  
0.1356280618  0.06706738229  
-0.1689751157  0.06706738229  
-0.1568767918  0.06706738229  
-0.1551445125  0.06706738229  
