0.00154164556  0.06178918922  
0.08046494939  0.06178918922  
0.05599662296  0.06178918922  
0.01162402276  0.06178918922  
0.1100446758  0.06178918922  
0.1747946602  0.06178918922  
-0.01675787331  0.06178918922  
0.07271488747  0.06178918922  
-0.05265787084  0.06178918922  
-0.01963417447  0.06178918922  
0.001259726044  0.06178918922  
0.09752762045  0.06178918922  
0.2355833267  0.06178918922  
-0.216535444  0.06178918922  
0.5906807173  0.06178918922  
-0.05152845488  0.06178918922  
-0.08584310013  0.06178918922  
0.122929469  0.06178918922  
