0.000000000000000000e+00 5.102698539763073082e-02 5.239222450941696807e-02 6.258195435231350690e-02 4.204033127653521162e-02 0.000000000000000000e+00 5.971200573356376384e-02 7.991063434912787367e-02 7.686571680189527300e-02 7.940080211841527014e-02 8.525988956143999709e-02 7.142895903117996159e-02 0.000000000000000000e+00 4.731958760005792325e-02 3.934613956889407294e-02 2.927728973900270426e-02 0.000000000000000000e+00 0.000000000000000000e+00
5.102698539763073082e-02 0.000000000000000000e+00 4.247564610490688064e-02 0.000000000000000000e+00 0.000000000000000000e+00 0.000000000000000000e+00 8.966336098940221044e-02 9.209729127509372337e-02 8.267732817044695648e-02 8.074508399030995431e-02 6.888973620393699926e-02 7.802780196614117481e-02 0.000000000000000000e+00 3.452786507537530108e-02 3.502685885357095102e-02 0.000000000000000000e+00 0.000000000000000000e+00 0.000000000000000000e+00
5.239222450941696807e-02 4.247564610490688064e-02 0.000000000000000000e+00 5.851458977589825416e-02 0.000000000000000000e+00 0.000000000000000000e+00 8.588548959865954791e-02 9.022949088101760162e-02 8.420385721668534329e-02 8.098409937920819646e-02 8.132271041500056807e-02 7.120685224109686573e-02 0.000000000000000000e+00 0.000000000000000000e+00 0.000000000000000000e+00 0.000000000000000000e+00 0.000000000000000000e+00 0.000000000000000000e+00
6.258195435231350690e-02 0.000000000000000000e+00 5.851458977589825416e-02 0.000000000000000000e+00 0.000000000000000000e+00 0.000000000000000000e+00 8.462202127030919729e-02 9.238507424868466766e-02 8.268853076487507614e-02 7.892973164886990523e-02 8.527392657954345478e-02 6.694404137132634047e-02 0.000000000000000000e+00 3.807742850477330993e-02 4.220650961724618094e-02 0.000000000000000000e+00 0.000000000000000000e+00 0.000000000000000000e+00
4.204033127653521162e-02 0.000000000000000000e+00 0.000000000000000000e+00 0.000000000000000000e+00 0.000000000000000000e+00 0.000000000000000000e+00 6.553123586849224358e-02 7.925792788522949273e-02 6.415059208331601315e-02 5.858335557473275113e-02 6.472059243515040916e-02 5.077224473433475382e-02 0.000000000000000000e+00 3.311571902683112245e-02 0.000000000000000000e+00 0.000000000000000000e+00 2.893688615044494317e-02 0.000000000000000000e+00
0.000000000000000000e+00 0.000000000000000000e+00 0.000000000000000000e+00 0.000000000000000000e+00 0.000000000000000000e+00 0.000000000000000000e+00 5.486884777073326031e-02 6.505645933316776819e-02 3.771980633438593022e-02 3.387084343424272281e-02 3.401800525016800830e-02 1.906918743019491921e-02 0.000000000000000000e+00 0.000000000000000000e+00 0.000000000000000000e+00 -0.000000000000000000e+00 0.000000000000000000e+00 0.000000000000000000e+00
5.971200573356376384e-02 8.966336098940221044e-02 8.588548959865954791e-02 8.462202127030919729e-02 6.553123586849224358e-02 5.486884777073326031e-02 0.000000000000000000e+00 1.084918780485612799e-01 9.872550228051786558e-02 1.069154723888905978e-01 1.088382427290226773e-01 8.106411871738898600e-02 4.417146153854794449e-02 4.935864820927073765e-02 3.968080102080519950e-02 4.096551240981882724e-02 5.706200709285075973e-02 6.452802920671621423e-02
7.991063434912787367e-02 9.209729127509372337e-02 9.022949088101760162e-02 9.238507424868466766e-02 7.925792788522949273e-02 6.505645933316776819e-02 1.084918780485612799e-01 0.000000000000000000e+00 1.345008027214256163e-01 1.382242697638082496e-01 1.336775549835214072e-01 1.013160175466607388e-01 6.220967848695321128e-02 6.365611314950044008e-02 4.914320165062269208e-02 5.024042363544729828e-02 6.431215241646302816e-02 7.238160175139277119e-02
7.686571680189527300e-02 8.267732817044695648e-02 8.420385721668534329e-02 8.268853076487507614e-02 6.415059208331601315e-02 3.771980633438593022e-02 9.872550228051786558e-02 1.345008027214256163e-01 0.000000000000000000e+00 1.391546515115504867e-01 1.388486557944280664e-01 9.856148686796387115e-02 0.000000000000000000e+00 5.683581313807659768e-02 0.000000000000000000e+00 0.000000000000000000e+00 5.983631156639039606e-02 6.346035912142597435e-02
7.940080211841527014e-02 8.074508399030995431e-02 8.098409937920819646e-02 7.892973164886990523e-02 5.858335557473275113e-02 3.387084343424272281e-02 1.069154723888905978e-01 1.382242697638082496e-01 1.391546515115504867e-01 0.000000000000000000e+00 1.450010037508432381e-01 1.114803803517590425e-01 5.667111745529961053e-02 6.234126247525612063e-02 3.976884465047552525e-02 4.592767708475106736e-02 5.797863045347710631e-02 6.363414803472866588e-02
8.525988956143999709e-02 6.888973620393699926e-02 8.132271041500056807e-02 8.527392657954345478e-02 6.472059243515040916e-02 3.401800525016800830e-02 1.088382427290226773e-01 1.336775549835214072e-01 1.388486557944280664e-01 1.450010037508432381e-01 0.000000000000000000e+00 1.070179249320379750e-01 4.544635394963415093e-02 7.357193639401529706e-02 5.176977690758620410e-02 5.112206409512480565e-02 6.549648605661892442e-02 6.662339670082413623e-02
7.142895903117996159e-02 7.802780196614117481e-02 7.120685224109686573e-02 6.694404137132634047e-02 5.077224473433475382e-02 1.906918743019491921e-02 8.106411871738898600e-02 1.013160175466607388e-01 9.856148686796387115e-02 1.114803803517590425e-01 1.070179249320379750e-01 0.000000000000000000e+00 0.000000000000000000e+00 5.611733838574035904e-02 3.912158183175088594e-02 4.577746780400802212e-02 6.460032155122490127e-02 7.257370067102637823e-02
0.000000000000000000e+00 0.000000000000000000e+00 0.000000000000000000e+00 0.000000000000000000e+00 0.000000000000000000e+00 0.000000000000000000e+00 4.417146153854794449e-02 6.220967848695321128e-02 0.000000000000000000e+00 5.667111745529961053e-02 4.544635394963415093e-02 0.000000000000000000e+00 0.000000000000000000e+00 3.926232730804005144e-02 0.000000000000000000e+00 0.000000000000000000e+00 0.000000000000000000e+00 0.000000000000000000e+00
4.731958760005792325e-02 3.452786507537530108e-02 0.000000000000000000e+00 3.807742850477330993e-02 3.311571902683112245e-02 0.000000000000000000e+00 4.935864820927073765e-02 6.365611314950044008e-02 5.683581313807659768e-02 6.234126247525612063e-02 7.357193639401529706e-02 5.611733838574035904e-02 3.926232730804005144e-02 0.000000000000000000e+00 3.871494587802126047e-02 3.924356858065039533e-02 4.461679931686871048e-02 3.182944063765324322e-02
3.934613956889407294e-02 3.502685885357095102e-02 0.000000000000000000e+00 4.220650961724618094e-02 0.000000000000000000e+00 0.000000000000000000e+00 3.968080102080519950e-02 4.914320165062269208e-02 0.000000000000000000e+00 3.976884465047552525e-02 5.176977690758620410e-02 3.912158183175088594e-02 0.000000000000000000e+00 3.871494587802126047e-02 0.000000000000000000e+00 0.000000000000000000e+00 4.347792920140661210e-02 0.000000000000000000e+00
2.927728973900270426e-02 0.000000000000000000e+00 0.000000000000000000e+00 0.000000000000000000e+00 0.000000000000000000e+00 -0.000000000000000000e+00 4.096551240981882724e-02 5.024042363544729828e-02 0.000000000000000000e+00 4.592767708475106736e-02 5.112206409512480565e-02 4.577746780400802212e-02 0.000000000000000000e+00 3.924356858065039533e-02 0.000000000000000000e+00 0.000000000000000000e+00 3.423169342831635514e-02 0.000000000000000000e+00
0.000000000000000000e+00 0.000000000000000000e+00 0.000000000000000000e+00 0.000000000000000000e+00 2.893688615044494317e-02 0.000000000000000000e+00 5.706200709285075973e-02 6.431215241646302816e-02 5.983631156639039606e-02 5.797863045347710631e-02 6.549648605661892442e-02 6.460032155122490127e-02 0.000000000000000000e+00 4.461679931686871048e-02 4.347792920140661210e-02 3.423169342831635514e-02 0.000000000000000000e+00 0.000000000000000000e+00
0.000000000000000000e+00 0.000000000000000000e+00 0.000000000000000000e+00 0.000000000000000000e+00 0.000000000000000000e+00 0.000000000000000000e+00 6.452802920671621423e-02 7.238160175139277119e-02 6.346035912142597435e-02 6.363414803472866588e-02 6.662339670082413623e-02 7.257370067102637823e-02 0.000000000000000000e+00 3.182944063765324322e-02 0.000000000000000000e+00 0.000000000000000000e+00 0.000000000000000000e+00 0.000000000000000000e+00
